timestamp,%user,%nice,%system,%iowait,%steal,%idle,tps,rd_sec/s,wr_sec/s,avgrq-sz,avgqu-sz,await,svctm,%util,tps,rtps,wtps,bread/s,bwrtn/s,runq-sz,plist-sz,ldavg-1,ldavg-5,ldavg-15,blocked,kbmemfree,kbmemused,%memused,kbbuffers,kbcached,kbcommit,%commit,kbactive,kbinact,kbdirty,IFACE,rxpck/s,txpck/s,rxkB/s,txkB/s,rxcmp/s,txcmp/s,rxmcst/s,%ifutil,pgpgin/s,pgpgout/s,fault/s,majflt/s,pgfree/s,pgscank/s,pgscand/s,pgsteal/s,%vmeff,pswpin/s,pswpout/sf,kbswpfree,kbswpused,%swpused,kbswpcad,%swpcad,proc/s,cswch/s
18:19:39,82.91,0.00,3.52,0.00,0.00,13.57,1.00,0.00,8.00,8.00,0.00,4.00,4.00,0.40,1.00,0.00,1.00,0.00,8.00,3,701,1.52,0.78,0.31,0,5252020,2922564,35.75,38696,472300,4837392,59.18,2543948,257780,61648,lo,16.00,16.00,1.56,1.56,0.00,0.00,0.00,0.00,0.00,4.00,30964.00,0.00,952.00,0.00,0.00,0.00,0.00,0.00,0.00,0,0,0.00,0,0.00,9.00,3695.00
18:19:40,43.94,0.00,10.10,0.00,0.00,45.96,2.00,0.00,72.00,36.00,0.00,0.00,0.00,0.00,2.00,0.00,2.00,0.00,72.00,2,696,1.52,0.78,0.31,0,5233184,2941400,35.98,38696,509948,4756372,58.18,2516756,294376,99296,lo,8.00,8.00,0.65,0.65,0.00,0.00,0.00,0.00,0.00,36.00,34067.00,0.00,38751.00,0.00,0.00,0.00,0.00,0.00,0.00,0,0,0.00,0,0.00,46.00,2834.00
18:19:41,47.50,0.00,15.50,0.00,0.00,37.00,1.00,0.00,64.00,64.00,0.00,0.00,0.00,0.00,1.00,0.00,1.00,0.00,64.00,3,663,1.52,0.78,0.31,0,5311532,2863052,35.02,38696,601800,4271780,52.26,2330008,383152,191156,lo,29.00,29.00,4.16,4.16,0.00,0.00,0.00,0.00,0.00,32.00,39265.00,0.00,86938.00,0.00,0.00,0.00,0.00,0.00,0.00,0,0,0.00,0,0.00,10.00,2182.00
18:19:42,59.60,0.00,12.12,0.00,0.00,28.28,30.00,0.00,22208.00,740.27,0.24,6.00,0.67,2.00,8.00,0.00,8.00,0.00,32.00,2,666,1.47,0.79,0.31,0,5229756,2944828,36.02,38744,611684,4271780,52.26,2384268,395128,201236,lo,44.00,44.00,55.13,55.13,0.00,0.00,0.00,0.00,0.00,16.00,14692.00,0.00,14012.00,0.00,0.00,0.00,0.00,0.00,0.00,0,0,0.00,0,0.00,11.00,2481.00
18:19:43,76.38,0.00,2.01,0.50,0.00,21.11,39.00,0.00,7664.00,196.51,0.04,2.77,0.51,2.00,61.00,0.00,61.00,0.00,29840.00,0,673,1.47,0.79,0.31,0,5212668,2961916,36.23,38748,611676,4274152,52.29,2401308,395244,207712,lo,138.00,138.00,16.95,16.95,0.00,0.00,0.00,0.00,0.00,14920.00,5717.00,0.00,1729.00,0.00,0.00,0.00,0.00,0.00,0.00,0,0,0.00,0,0.00,26.00,3377.00
18:19:44,31.82,0.00,1.52,0.51,0.00,66.16,72.00,0.00,296.00,4.11,0.02,0.22,0.22,1.60,72.00,0.00,72.00,0.00,296.00,3,672,1.47,0.79,0.31,0,5209028,2965556,36.28,38748,611740,4274152,52.29,2404952,395284,207776,lo,273.00,273.00,36.02,36.02,0.00,0.00,0.00,0.00,0.00,148.00,1882.00,0.00,1144.00,0.00,0.00,0.00,0.00,0.00,0.00,0,0,0.00,0,0.00,44.00,4290.00
18:19:45,85.28,0.00,9.14,0.51,0.00,5.08,45.00,0.00,192.00,4.27,0.00,0.09,0.09,0.40,45.00,0.00,45.00,0.00,192.00,4,696,1.47,0.79,0.31,0,5051784,3122800,38.20,38752,715908,4510192,55.17,2461096,493100,311800,lo,3812.00,3812.00,104137.43,104137.43,0.00,0.00,0.00,0.00,0.00,96.00,17597.00,0.00,15977.00,0.00,0.00,0.00,0.00,0.00,0.00,0,0,0.00,0,0.00,85.00,9468.00
18:19:46,89.95,0.00,3.02,0.00,0.00,7.04,16.00,0.00,1112.00,69.50,0.01,0.50,0.50,0.80,16.00,0.00,16.00,0.00,1112.00,1,697,1.47,0.79,0.31,0,4971816,3202768,39.18,38752,715864,4570636,55.91,2541148,493176,311392,lo,15.00,15.00,2.14,2.14,0.00,0.00,0.00,0.00,0.00,556.00,22499.00,0.00,2584.00,0.00,0.00,0.00,0.00,0.00,0.00,0,0,0.00,0,0.00,5.00,3703.00
18:19:47,87.37,0.00,2.53,0.00,0.00,10.10,3.00,0.00,864.00,288.00,0.00,1.33,1.33,0.40,1.00,0.00,1.00,0.00,8.00,3,712,1.52,0.81,0.32,0,4856612,3317972,40.59,38760,699160,4749896,58.11,2671904,477436,311412,lo,63.00,63.00,8.80,8.80,0.00,0.00,0.00,0.00,0.00,0.00,33246.00,0.00,4435.00,0.00,0.00,0.00,0.00,0.00,0.00,0,0,0.00,0,0.00,15.00,2374.00
18:19:48,77.61,0.00,1.99,0.00,0.00,20.40,10.00,0.00,40.00,4.00,0.00,0.00,0.00,0.00,12.00,0.00,12.00,0.00,896.00,0,759,1.52,0.81,0.32,0,4817844,3356740,41.06,38764,699096,4826736,59.05,2709032,477264,311624,lo,60.00,60.00,127.50,127.50,0.00,0.00,0.00,0.00,0.00,452.00,9480.00,0.00,314.00,0.00,0.00,0.00,0.00,0.00,0.00,0,0,0.00,0,0.00,52.00,2798.00
18:19:49,4.50,0.00,0.50,0.00,0.00,95.00,0.00,0.00,0.00,0.00,0.00,0.00,0.00,0.00,0.00,0.00,0.00,0.00,0.00,0,760,1.52,0.81,0.32,0,4808972,3365612,41.17,38764,699232,4826736,59.05,2717984,477376,311764,lo,21.00,21.00,2.85,2.85,0.00,0.00,0.00,0.00,0.00,0.00,2293.00,0.00,125.00,0.00,0.00,0.00,0.00,0.00,0.00,0,0,0.00,0,0.00,1.00,1311.00
18:19:50,29.00,0.00,2.50,0.00,0.00,68.50,2.00,0.00,16.00,8.00,0.00,0.00,0.00,0.00,2.00,0.00,2.00,0.00,16.00,1,792,1.52,0.81,0.32,0,4750132,3424452,41.89,38764,699240,5285776,64.66,2773616,477380,311772,lo,66.00,66.00,13.28,13.28,0.00,0.00,0.00,0.00,0.00,8.00,18051.00,0.00,2767.00,0.00,0.00,0.00,0.00,0.00,0.00,0,0,0.00,0,0.00,41.00,3222.00
18:19:51,94.47,0.00,5.53,0.00,0.00,0.00,3.00,0.00,80.00,26.67,0.00,0.00,0.00,0.00,3.00,0.00,3.00,0.00,80.00,4,793,1.52,0.81,0.32,0,4637212,3537372,43.27,38764,699432,5384252,65.87,2886644,477524,311948,lo,17.00,17.00,2.38,2.38,0.00,0.00,0.00,0.00,0.00,40.00,29622.00,0.00,1099.00,0.00,0.00,0.00,0.00,0.00,0.00,0,0,0.00,0,0.00,6.00,7318.00
18:19:52,96.48,0.00,3.52,0.00,0.00,0.00,2.00,0.00,560.00,280.00,0.00,0.00,0.00,0.00,0.00,0.00,0.00,0.00,0.00,3,802,1.56,0.83,0.33,0,4569604,3604980,44.10,38772,699604,5416548,66.26,2953752,477632,312088,lo,47.00,47.00,6.35,6.35,0.00,0.00,0.00,0.00,0.00,0.00,16724.00,0.00,179.00,0.00,0.00,0.00,0.00,0.00,0.00,0,0,0.00,0,0.00,10.00,4126.00
18:19:53,91.04,0.00,8.46,0.00,0.00,0.50,10.00,0.00,48.00,4.80,0.00,0.00,0.00,0.00,12.00,0.00,12.00,0.00,608.00,8,817,1.56,0.83,0.33,0,4263040,3911544,47.85,38776,700728,5749612,70.34,3258256,478640,313264,lo,191.00,191.00,1057.57,1057.57,0.00,0.00,0.00,0.00,0.00,304.00,76859.00,0.00,826.00,0.00,0.00,0.00,0.00,0.00,0.00,0,0,0.00,0,0.00,30.00,4225.00
18:19:54,42.35,0.00,4.08,0.00,0.00,53.57,10.00,0.00,168.00,16.80,0.01,0.80,0.80,0.80,10.00,0.00,10.00,0.00,168.00,6,797,1.56,0.83,0.33,0,4726460,3448124,42.18,38776,701492,5288928,64.70,2795932,479352,313996,lo,195.00,195.00,1082.97,1082.97,0.00,0.00,0.00,0.00,0.00,84.00,19812.00,0.00,134970.00,0.00,0.00,0.00,0.00,0.00,0.00,0,0,0.00,0,0.00,72.00,5116.00
18:19:55,95.02,0.00,4.48,0.00,0.00,0.50,0.00,0.00,0.00,0.00,0.00,0.00,0.00,0.00,0.00,0.00,0.00,0.00,0.00,3,796,1.56,0.83,0.33,0,4652124,3522460,43.09,38776,701628,5332056,65.23,2870104,479464,314148,lo,29.00,29.00,2.99,2.99,0.00,0.00,0.00,0.00,0.00,0.00,25494.00,0.00,6974.00,0.00,0.00,0.00,0.00,0.00,0.00,0,0,0.00,0,0.00,8.00,6693.00
18:19:56,96.50,0.00,3.50,0.00,0.00,0.00,7.00,0.00,696.00,99.43,0.00,0.00,0.00,0.00,7.00,0.00,7.00,0.00,696.00,4,804,1.56,0.83,0.33,0,4566184,3608400,44.14,38792,701956,5472804,66.95,2955368,479656,314212,lo,65.00,65.00,9.59,9.59,0.00,0.00,0.00,0.00,0.00,348.00,21347.00,0.00,170.00,0.00,0.00,0.00,0.00,0.00,0.00,0,0,0.00,0,0.00,10.00,4253.00
18:19:57,91.92,0.00,8.08,0.00,0.00,0.00,21.00,0.00,736.00,35.05,0.01,0.38,0.38,0.80,19.00,0.00,19.00,0.00,104.00,5,814,1.75,0.88,0.35,0,4280828,3893756,47.63,38800,703832,5699988,69.73,3237332,481548,316076,lo,273.00,273.00,2095.99,2095.99,0.00,0.00,0.00,0.00,0.00,24.00,71264.00,0.00,1303.00,0.00,0.00,0.00,0.00,0.00,0.00,0,0,0.00,0,0.00,32.00,4077.00
18:19:58,26.13,0.00,4.52,0.00,0.00,69.35,3.00,0.00,136.00,45.33,0.00,0.00,0.00,0.00,5.00,0.00,5.00,0.00,768.00,2,780,1.75,0.88,0.35,0,4747412,3427172,41.92,38804,703664,5164688,63.18,2774188,481288,315908,lo,87.00,87.00,25.75,25.75,0.00,0.00,0.00,0.00,0.00,412.00,15795.00,0.00,131921.00,0.00,0.00,0.00,0.00,0.00,0.00,0,0,0.00,0,0.00,48.00,3402.00
18:19:59,87.50,0.00,3.50,0.00,0.00,9.00,1.00,0.00,8.00,8.00,0.00,4.00,4.00,0.40,1.00,0.00,1.00,0.00,8.00,3,800,1.75,0.88,0.35,0,4662512,3512072,42.96,38804,703708,5450868,66.68,2857624,481348,316016,lo,52.00,52.00,9.45,9.45,0.00,0.00,0.00,0.00,0.00,4.00,22498.00,0.00,899.00,0.00,0.00,0.00,0.00,0.00,0.00,0,0,0.00,0,0.00,27.00,4413.00
18:20:00,93.97,0.00,6.03,0.00,0.00,0.00,6.00,0.00,24.00,4.00,0.00,0.00,0.00,0.00,6.00,0.00,6.00,0.00,24.00,4,808,1.75,0.88,0.35,0,4448048,3726536,45.59,38804,704944,5667380,69.33,3070060,482424,317252,lo,121.00,121.00,1047.19,1047.19,0.00,0.00,0.00,0.00,0.00,12.00,54605.00,0.00,1389.00,0.00,0.00,0.00,0.00,0.00,0.00,0,0,0.00,0,0.00,19.00,4649.00
18:20:01,88.44,0.00,4.02,0.00,0.00,7.54,3.00,0.00,192.00,64.00,0.00,0.00,0.00,0.00,3.00,0.00,3.00,0.00,192.00,2,806,1.75,0.88,0.35,0,4589076,3585508,43.86,38804,704980,5616836,68.71,2929140,482460,317292,lo,132.00,132.00,27.07,27.07,0.00,0.00,0.00,0.00,0.00,96.00,30118.00,0.00,67393.00,0.00,0.00,0.00,0.00,0.00,0.00,0,0,0.00,0,0.00,46.00,4182.00
18:20:02,88.44,0.00,7.04,0.00,0.00,4.52,11.00,0.00,712.00,64.73,0.00,0.36,0.36,0.40,9.00,0.00,9.00,0.00,104.00,1,797,1.93,0.93,0.37,0,4677960,3496624,42.77,38812,705904,5448548,66.65,2839924,483352,318168,lo,151.00,151.00,1057.72,1057.72,0.00,0.00,0.00,0.00,0.00,48.00,47187.00,0.00,67082.00,0.00,0.00,0.00,0.00,0.00,0.00,0,0,0.00,0,0.00,42.00,5853.00
18:20:03,94.03,0.00,4.98,0.00,0.00,1.00,0.00,0.00,0.00,0.00,0.00,0.00,0.00,0.00,2.00,0.00,2.00,0.00,608.00,4,807,1.93,0.93,0.37,0,4581084,3593500,43.96,38816,706104,5464692,66.85,2936404,483504,318412,lo,59.00,59.00,8.68,8.68,0.00,0.00,0.00,0.00,0.00,308.00,25011.00,0.00,1021.00,0.00,0.00,0.00,0.00,0.00,0.00,0,0,0.00,0,0.00,15.00,4741.00
18:20:04,89.95,0.00,7.54,0.00,0.00,2.51,8.00,0.00,96.00,12.00,0.00,0.00,0.00,0.00,8.00,0.00,8.00,0.00,96.00,3,800,1.93,0.93,0.37,0,4650032,3524552,43.12,38816,707000,5454596,66.73,2866616,484316,319308,lo,180.00,180.00,1060.54,1060.54,0.00,0.00,0.00,0.00,0.00,48.00,47146.00,0.00,65302.00,0.00,0.00,0.00,0.00,0.00,0.00,0,0,0.00,0,0.00,45.00,4203.00
18:20:05,91.00,0.00,5.00,0.00,0.00,4.00,6.00,0.00,24.00,4.00,0.01,1.33,1.33,0.80,6.00,0.00,6.00,0.00,24.00,3,798,1.93,0.93,0.37,0,4450984,3723600,45.55,38816,708056,5634904,68.93,3063972,485256,320356,lo,163.00,163.00,1058.58,1058.58,0.00,0.00,0.00,0.00,0.00,12.00,52242.00,0.00,2250.00,0.00,0.00,0.00,0.00,0.00,0.00,0,0,0.00,0,0.00,28.00,5594.00
18:20:06,89.34,0.00,5.58,0.00,0.00,5.08,96.00,0.00,30464.00,317.33,0.42,4.38,0.17,1.60,96.00,0.00,96.00,0.00,30464.00,4,805,1.93,0.93,0.37,0,4500852,3673732,44.94,38816,708264,5614672,68.68,3014724,485388,305108,lo,102.00,102.00,15.87,15.87,0.00,0.00,0.00,0.00,0.00,15232.00,51625.00,0.00,64019.00,0.00,0.00,0.00,0.00,0.00,0.00,0,0,0.00,0,0.00,38.00,3466.00
18:20:07,88.06,0.00,5.97,0.00,0.00,5.97,9.00,0.00,760.00,84.44,0.00,0.44,0.44,0.40,8.00,0.00,8.00,0.00,752.00,4,795,2.10,0.98,0.39,0,4672956,3501628,42.84,38824,709160,5447488,66.64,2842372,486288,305988,lo,138.00,138.00,1056.16,1056.16,0.00,0.00,0.00,0.00,0.00,48.00,24920.00,0.00,67564.00,0.00,0.00,0.00,0.00,0.00,0.00,0,0,0.00,0,0.00,41.00,5051.00
18:20:08,93.50,0.00,5.50,0.00,0.00,1.00,0.00,0.00,0.00,0.00,0.00,0.00,0.00,0.00,1.00,0.00,1.00,0.00,8.00,2,804,2.10,0.98,0.39,0,4578048,3596536,44.00,38828,709372,5463452,66.83,2936440,486428,306488,lo,43.00,43.00,6.41,6.41,0.00,0.00,0.00,0.00,0.00,332.00,24690.00,0.00,1135.00,0.00,0.00,0.00,0.00,0.00,0.00,0,0,0.00,0,0.00,15.00,4906.00
18:20:09,92.89,0.00,6.09,0.00,0.00,1.02,8.00,0.00,96.00,12.00,0.01,1.00,1.00,0.80,8.00,0.00,8.00,0.00,96.00,5,799,2.10,0.98,0.39,0,4649360,3525224,43.12,38828,710432,5450872,66.68,2864472,487372,307548,lo,176.00,176.00,1061.59,1061.59,0.00,0.00,0.00,0.00,0.00,48.00,46823.00,0.00,64733.00,0.00,0.00,0.00,0.00,0.00,0.00,0,0,0.00,0,0.00,45.00,4872.00
18:20:10,91.50,0.00,7.50,0.00,0.00,1.00,7.00,0.00,32.00,4.57,0.00,0.00,0.00,0.00,7.00,0.00,7.00,0.00,32.00,4,813,2.10,0.98,0.39,0,4434248,3740336,45.76,38828,711320,5858832,71.67,3077156,488224,308428,lo,190.00,190.00,1062.39,1062.39,0.00,0.00,0.00,0.00,0.00,16.00,56753.00,0.00,2976.00,0.00,0.00,0.00,0.00,0.00,0.00,0,0,0.00,0,0.00,47.00,5713.00
18:20:11,92.00,0.00,7.50,0.00,0.00,0.50,1029.00,0.00,203120.00,197.40,4.36,4.24,0.11,11.20,1029.00,0.00,1029.00,0.00,203120.00,5,798,2.10,0.98,0.39,0,4594972,3579612,43.79,38828,711460,5461984,66.82,2916384,488268,207004,lo,38.00,38.00,6.37,6.37,0.00,0.00,0.00,0.00,0.00,101560.00,22789.00,0.00,77141.00,0.00,0.00,0.00,0.00,0.00,0.00,0,0,0.00,0,0.00,7.00,5165.00
18:20:12,95.48,0.00,4.02,0.00,0.00,0.50,13.00,0.00,224.00,17.23,0.08,1.54,0.92,1.20,11.00,0.00,11.00,0.00,176.00,2,816,2.33,1.05,0.41,0,4521080,3653504,44.69,38828,711776,5571104,68.15,2989736,488504,207344,lo,76.00,76.00,71.53,71.53,0.00,0.00,0.00,0.00,0.00,88.00,19347.00,0.00,779.00,0.00,0.00,0.00,0.00,0.00,0.00,0,0,0.00,0,0.00,25.00,4053.00
18:20:13,58.38,0.00,7.11,0.00,0.00,34.52,21.00,0.00,10224.00,486.86,0.04,4.57,0.38,0.80,23.00,0.00,23.00,0.00,10272.00,1,810,2.33,1.05,0.41,0,4592468,3582116,43.82,38852,712588,5524928,67.59,2918676,489340,212868,lo,204.00,204.00,1069.76,1069.76,0.00,0.00,0.00,0.00,0.00,5136.00,47826.00,0.00,65617.00,0.00,0.00,0.00,0.00,0.00,0.00,0,0,0.00,0,0.00,48.00,4105.00
18:20:14,86.93,0.00,5.03,0.00,0.00,8.04,0.00,0.00,0.00,0.00,0.00,0.00,0.00,0.00,0.00,0.00,0.00,0.00,0.00,2,816,2.33,1.05,0.41,0,4486228,3688356,45.12,38852,712684,5655056,69.18,3024256,489416,212956,lo,35.00,35.00,5.46,5.46,0.00,0.00,0.00,0.00,0.00,0.00,26822.00,0.00,296.00,0.00,0.00,0.00,0.00,0.00,0.00,0,0,0.00,0,0.00,8.00,3370.00
18:20:15,75.38,0.00,5.53,0.50,0.00,18.59,9.00,0.00,112.00,12.44,0.01,0.89,0.89,0.80,9.00,0.00,9.00,0.00,112.00,2,810,2.33,1.05,0.41,0,4581604,3592980,43.95,38852,713676,5525584,67.59,2928708,490432,213956,lo,207.00,207.00,1069.50,1069.50,0.00,0.00,0.00,0.00,0.00,56.00,44358.00,0.00,68274.00,0.00,0.00,0.00,0.00,0.00,0.00,0,0,0.00,0,0.00,48.00,3703.00
18:20:16,83.50,0.00,7.50,0.00,0.00,9.00,1133.00,0.00,244040.00,215.39,14.67,4.64,0.28,31.20,1133.00,0.00,1133.00,0.00,244040.00,3,815,2.33,1.05,0.41,1,4508704,3665880,44.84,38860,713728,5590108,68.38,3000472,490404,55520,lo,32.00,32.00,4.88,4.88,0.00,0.00,0.00,0.00,4.00,158616.00,19659.00,0.00,9508.00,0.00,0.00,0.00,0.00,0.00,0.00,0,0,0.00,0,0.00,7.00,3907.00
18:20:17,52.02,0.00,4.04,1.01,0.00,42.93,106.00,8.00,152504.00,1438.79,15.99,239.62,3.89,41.20,98.00,1.00,97.00,8.00,145040.00,3,822,2.54,1.12,0.44,0,4349468,3825116,46.79,38880,714888,5759812,70.46,3158792,491428,20652,lo,130.00,130.00,1047.25,1047.25,0.00,0.00,0.00,0.00,0.00,35900.00,40094.00,0.00,733.00,0.00,0.00,0.00,0.00,0.00,0.00,0,0,0.00,0,0.00,16.00,2327.00
18:20:18,18.27,0.00,2.54,0.00,0.00,79.19,4.00,0.00,96.00,24.00,0.00,0.00,0.00,0.00,12.00,0.00,12.00,0.00,7560.00,2,811,2.54,1.12,0.44,0,4582324,3592260,43.94,38884,714764,5525744,67.60,2927264,491316,24116,lo,102.00,102.00,27.06,27.06,0.00,0.00,0.00,0.00,0.00,3804.00,9411.00,0.00,67424.00,0.00,0.00,0.00,0.00,0.00,0.00,0,0,0.00,0,0.00,33.00,3101.00
18:20:19,87.56,0.00,3.48,0.00,0.00,8.96,0.00,0.00,0.00,0.00,0.00,0.00,0.00,0.00,0.00,0.00,0.00,0.00,0.00,2,817,2.54,1.12,0.44,0,4490512,3684072,45.07,38884,714832,5605692,68.57,3018128,491388,24200,lo,32.00,32.00,4.88,4.88,0.00,0.00,0.00,0.00,0.00,0.00,22823.00,0.00,304.00,0.00,0.00,0.00,0.00,0.00,0.00,0,0,0.00,0,0.00,8.00,3656.00
18:20:20,61.62,0.00,7.07,0.00,0.00,31.31,9.00,0.00,112.00,12.44,0.00,0.00,0.00,0.00,9.00,0.00,9.00,0.00,112.00,3,811,2.54,1.12,0.44,0,4583204,3591380,43.93,38884,716048,5533624,67.69,2924944,492428,25424,lo,210.00,210.00,1070.23,1070.23,0.00,0.00,0.00,0.00,0.00,56.00,44645.00,0.00,67531.00,0.00,0.00,0.00,0.00,0.00,0.00,0,0,0.00,0,0.00,48.00,3705.00
18:20:21,87.50,0.00,4.50,0.00,0.00,8.00,0.00,0.00,0.00,0.00,0.00,0.00,0.00,0.00,0.00,0.00,0.00,0.00,0.00,2,817,2.54,1.12,0.44,0,4486784,3687800,45.11,38884,716120,5579984,68.26,3020932,492492,25452,lo,35.00,35.00,5.93,5.93,0.00,0.00,0.00,0.00,0.00,0.00,24237.00,0.00,284.00,0.00,0.00,0.00,0.00,0.00,0.00,0,0,0.00,0,0.00,8.00,3499.00
18:20:22,78.68,0.00,6.60,0.51,0.00,14.21,74.00,0.00,1376.00,18.59,0.03,0.38,0.32,2.40,69.31,0.00,69.31,0.00,1346.53,3,781,2.50,1.13,0.45,0,4595588,3578996,43.78,38896,717244,5317028,65.04,2912536,493408,26252,lo,433.00,433.00,1586.66,1586.66,0.00,0.00,0.00,0.00,0.00,368.00,39943.00,0.00,67722.00,0.00,0.00,0.00,0.00,0.00,0.00,0,0,0.00,0,0.00,63.00,5339.00
18:20:23,7.00,0.00,0.50,0.00,0.00,92.50,7.00,0.00,88.00,12.57,0.00,0.57,0.57,0.40,11.00,0.00,11.00,0.00,104.00,0,747,2.50,1.13,0.45,0,4755432,3419152,41.83,38896,717200,4961976,60.70,2753296,493452,26312,lo,43.00,43.00,126.53,126.53,0.00,0.00,0.00,0.00,0.00,364.00,654.00,0.00,41083.00,0.00,0.00,0.00,0.00,0.00,0.00,0,0,0.00,0,0.00,4.00,1537.00
18:20:24,16.58,0.00,1.51,0.00,0.00,81.91,13.00,8.00,48.00,4.31,0.00,0.00,0.00,0.00,13.00,1.00,12.00,8.00,48.00,4,711,2.50,1.13,0.45,0,4735208,3439376,42.07,38896,738152,4961976,60.70,2755000,512992,47268,lo,851.00,851.00,17171.44,17171.44,0.00,0.00,0.00,0.00,4.00,24.00,1171.00,0.00,4486.00,0.00,0.00,0.00,0.00,0.00,0.00,0,0,0.00,0,0.00,7.00,4191.00
18:20:25,14.07,0.00,3.02,0.50,0.00,82.41,32.00,0.00,136.00,4.25,0.01,0.38,0.38,1.20,32.00,0.00,32.00,0.00,136.00,0,707,2.50,1.13,0.45,0,4703156,3471428,42.47,38896,769172,4961976,60.70,2757128,542524,78288,lo,1467.00,1467.00,35016.79,35016.79,0.00,0.00,0.00,0.00,0.00,68.00,324.00,0.00,7110.00,0.00,0.00,0.00,0.00,0.00,0.00,0,0,0.00,0,0.00,12.00,5869.00
18:20:26,1.00,0.00,0.50,0.00,0.00,98.50,0.00,0.00,0.00,0.00,0.00,0.00,0.00,0.00,0.00,0.00,0.00,0.00,0.00,0,706,2.50,1.13,0.45,0,4755580,3419004,41.82,38896,717008,4961976,60.70,2754300,493276,78288,lo,18.00,18.00,3.64,3.64,0.00,0.00,0.00,0.00,0.00,0.00,24.00,0.00,13508.00,0.00,0.00,0.00,0.00,0.00,0.00,0,0,0.00,0,0.00,0.00,1168.00
18:20:27,0.50,0.00,0.00,0.00,0.00,99.50,19.00,0.00,4736.00,249.26,0.01,0.42,0.21,0.40,19.00,0.00,19.00,0.00,4736.00,0,706,2.30,1.11,0.44,0,4755764,3418820,41.82,38908,716928,4961976,60.70,2754188,493276,76092,lo,9.00,9.00,1.41,1.41,0.00,0.00,0.00,0.00,0.00,2168.00,6.00,0.00,138.00,0.00,0.00,0.00,0.00,0.00,0.00,0,0,0.00,0,0.00,0.00,1141.00
18:20:28,0.00,0.00,0.51,0.00,0.00,99.49,0.00,0.00,0.00,0.00,0.00,0.00,0.00,0.00,0.00,0.00,0.00,0.00,0.00,0,706,2.30,1.11,0.44,0,4755828,3418756,41.82,38908,716940,4961976,60.70,2754224,493276,76044,lo,9.00,9.00,1.41,1.41,0.00,0.00,0.00,0.00,0.00,200.00,0.00,0.00,129.00,0.00,0.00,0.00,0.00,0.00,0.00,0,0,0.00,0,0.00,0.00,1133.00
18:20:29,1.50,0.00,2.00,0.00,0.00,96.50,0.00,0.00,0.00,0.00,0.00,0.00,0.00,0.00,0.00,0.00,0.00,0.00,0.00,0,672,2.30,1.11,0.44,0,5076656,3097928,37.90,38908,716888,4327048,52.93,2435272,493228,76028,lo,34.00,34.00,3.97,3.97,0.00,0.00,0.00,0.00,0.00,0.00,553.00,0.00,80948.00,0.00,0.00,0.00,0.00,0.00,0.00,0,0,0.00,0,0.00,10.00,1476.00
18:20:30,48.99,0.00,5.56,0.00,0.00,45.45,13.00,0.00,56.00,4.31,0.00,0.31,0.31,0.40,13.00,0.00,13.00,0.00,56.00,2,700,2.30,1.11,0.44,0,5023976,3150608,38.54,38908,716692,4513692,55.22,2488548,493400,127904,lo,1597.00,1597.00,52299.16,52299.16,0.00,0.00,0.00,0.00,0.00,28.00,17289.00,0.00,17331.00,0.00,0.00,0.00,0.00,0.00,0.00,0,0,0.00,0,0.00,77.00,4690.00
18:20:31,90.95,0.00,3.02,0.00,0.00,6.03,0.00,0.00,0.00,0.00,0.00,0.00,0.00,0.00,0.00,0.00,0.00,0.00,0.00,3,702,2.30,1.11,0.44,0,4928828,3245756,39.71,38908,716596,4606060,56.35,2583608,493408,128108,lo,15.00,15.00,2.27,2.27,0.00,0.00,0.00,0.00,0.00,0.00,24368.00,0.00,378.00,0.00,0.00,0.00,0.00,0.00,0.00,0,0,0.00,0,0.00,6.00,2951.00
18:20:32,85.93,0.00,4.52,0.00,0.00,9.55,10.00,0.00,9248.00,924.80,0.03,2.80,1.60,1.60,10.00,0.00,10.00,0.00,9248.00,2,717,2.28,1.13,0.45,0,4821800,3352784,41.01,38936,716568,4750032,58.11,2690036,493380,123972,lo,63.00,63.00,7.81,7.81,0.00,0.00,0.00,0.00,0.00,4216.00,26751.00,0.00,133.00,0.00,0.00,0.00,0.00,0.00,0.00,0,0,0.00,0,0.00,15.00,2613.00
18:20:33,65.33,0.00,2.01,0.00,0.00,32.66,10.00,0.00,40.00,4.00,0.00,0.00,0.00,0.00,10.00,0.00,10.00,0.00,40.00,0,763,2.28,1.13,0.45,0,4778664,3395920,41.54,38936,716780,4841956,59.23,2732024,493480,124176,lo,60.00,60.00,127.89,127.89,0.00,0.00,0.00,0.00,0.00,428.00,13305.00,0.00,3002.00,0.00,0.00,0.00,0.00,0.00,0.00,0,0,0.00,0,0.00,51.00,3385.00
18:20:34,4.00,0.00,1.00,0.00,0.00,95.00,0.00,0.00,0.00,0.00,0.00,0.00,0.00,0.00,0.00,0.00,0.00,0.00,0.00,0,763,2.28,1.13,0.45,0,4769552,3405032,41.65,38936,716736,4841956,59.23,2741188,493484,124136,lo,23.00,23.00,2.89,2.89,0.00,0.00,0.00,0.00,0.00,0.00,2317.00,0.00,145.00,0.00,0.00,0.00,0.00,0.00,0.00,0,0,0.00,0,0.00,1.00,1333.00
18:20:35,41.79,0.00,2.49,0.00,0.00,55.72,1.00,0.00,8.00,8.00,0.00,0.00,0.00,0.00,1.00,0.00,1.00,0.00,8.00,2,777,2.28,1.13,0.45,0,4693720,3480864,42.58,38936,716740,5062852,61.93,2815964,493484,124140,lo,52.00,52.00,9.21,9.21,0.00,0.00,0.00,0.00,0.00,4.00,22187.00,0.00,3009.00,0.00,0.00,0.00,0.00,0.00,0.00,0,0,0.00,0,0.00,20.00,2792.00
18:20:36,90.91,0.00,3.03,0.00,0.00,6.06,0.00,0.00,0.00,0.00,0.00,0.00,0.00,0.00,0.00,0.00,0.00,0.00,0.00,3,784,2.28,1.13,0.45,0,4607472,3567112,43.64,38936,717004,5189832,63.49,2901316,493644,124396,lo,29.00,29.00,4.17,4.17,0.00,0.00,0.00,0.00,0.00,0.00,21885.00,0.00,312.00,0.00,0.00,0.00,0.00,0.00,0.00,0,0,0.00,0,0.00,10.00,2943.00
18:20:37,29.80,0.00,4.04,0.00,0.00,66.16,13.00,0.00,6864.00,528.00,0.01,0.62,0.31,0.40,13.00,0.00,13.00,0.00,6864.00,0,766,2.17,1.12,0.46,0,4743636,3430948,41.97,38948,716956,4851940,59.35,2765016,493520,121192,lo,119.00,119.00,118.90,118.90,0.00,0.00,0.00,0.00,0.00,3232.00,30958.00,0.00,65685.00,0.00,0.00,0.00,0.00,0.00,0.00,0,0,0.00,0,0.00,25.00,2801.00
18:20:38,1.47,0.00,1.47,0.00,0.00,97.06,0.00,0.00,0.00,0.00,0.00,0.00,0.00,0.00,0.00,0.00,0.00,0.00,0.00,0,766,2.17,1.12,0.46,0,4743940,3430644,41.97,38948,716972,4851940,59.35,2764932,493488,121152,lo,20.00,20.00,3.29,3.29,0.00,0.00,0.00,0.00,0.00,200.00,16.00,0.00,141.00,0.00,0.00,0.00,0.00,0.00,0.00,0,0,0.00,0,0.00,0.00,1242.00
18:20:39,36.87,0.00,2.53,0.00,0.00,60.61,2.00,0.00,16.00,8.00,0.00,0.00,0.00,0.00,2.00,0.00,2.00,0.00,16.00,4,781,2.17,1.12,0.46,0,4675876,3498708,42.80,38948,716980,5111232,62.53,2833236,493488,121164,lo,34.00,34.00,6.56,6.56,0.00,0.00,0.00,0.00,0.00,8.00,19161.00,0.00,1418.00,0.00,0.00,0.00,0.00,0.00,0.00,0,0,0.00,0,0.00,20.00,2933.00
18:20:40,86.29,0.00,4.06,0.00,0.00,9.64,0.00,0.00,0.00,0.00,0.00,0.00,0.00,0.00,0.00,0.00,0.00,0.00,0.00,4,784,2.17,1.12,0.46,0,4602508,3572076,43.70,38948,717064,5201900,63.64,2906244,493548,121272,lo,44.00,44.00,4.95,4.95,0.00,0.00,0.00,0.00,0.00,0.00,18934.00,0.00,601.00,0.00,0.00,0.00,0.00,0.00,0.00,0,0,0.00,0,0.00,14.00,3358.00
18:20:41,50.51,0.00,3.57,0.51,0.00,45.41,58.00,0.00,576.00,9.93,0.02,0.28,0.28,1.60,58.00,0.00,58.00,0.00,576.00,0,751,2.17,1.12,0.46,0,4736872,3437712,42.05,38948,717068,4855948,59.40,2771772,493708,121152,lo,319.00,319.00,520.08,520.08,0.00,0.00,0.00,0.00,0.00,288.00,7043.00,0.00,41442.00,0.00,0.00,0.00,0.00,0.00,0.00,0,0,0.00,0,0.00,49.00,5129.00
18:20:42,1.01,0.00,0.51,0.00,0.00,98.48,64.00,0.00,21520.00,336.25,0.10,1.62,0.06,0.40,64.00,0.00,64.00,0.00,21520.00,0,708,2.00,1.10,0.45,0,4740568,3434016,42.01,38960,717224,4855948,59.40,2768708,493788,110788,lo,17.00,17.00,2.51,2.51,0.00,0.00,0.00,0.00,0.00,10544.00,71.00,0.00,1309.00,0.00,0.00,0.00,0.00,0.00,0.00,0,0,0.00,0,0.00,0.00,1424.00
18:20:43,17.82,0.00,19.31,0.50,0.00,62.38,9.00,8.00,32.00,4.44,0.00,0.44,0.44,0.40,9.00,1.00,8.00,8.00,32.00,0,710,2.00,1.10,0.45,0,4966860,3207724,39.24,38960,525872,4940708,60.44,2775200,307980,110740,lo,90.00,90.00,63.19,63.19,0.00,0.00,0.00,0.00,4.00,232.00,3100.00,0.00,60313.00,0.00,0.00,0.00,0.00,0.00,0.00,0,0,0.00,0,0.00,9.00,2374.00
